Statistics for series values:
mean: 1.5707963267948966
median: 1.5707963267948966
mode: 2.962490972738185
variance: 0.5092803805705856
stddev: 0.7048821943230954
